60106	195
60106	195
60106	185
60106	185
60131	75
60131	75
60131	120
60131	120
60131	120
60131	120
60176	200
60176	200
60601	25
60601	295
60601	100
60601	150
60601	175
60601	175
60601	185
60601	180
60601	180
60603	270
60603	225
60603	250
60605	175
60605	210
60605	225
60605	225
60605	175
60605	175
60606	275
60606	275
60606	185
60606	280
60607	225
60607	175
60607	150
60607	200
60607	235
60607	200
60607	200
60607	200
60607	200
60607	235
60607	215
60607	215
60607	200
60607	200
60607	200
60607	265
60607	250
60607	250
60608	650
60608	650
60608	100
60608	125
60608	125
60608	200
60608	200
60609	90
60609	90
60610	125
60610	125
60610	125
60610	125
60610	170
60610	170
60610	225
60610	225
60610	195
60610	195
60610	250
60610	250
60610	195
60610	225
60610	225
60610	225
60610	225
60610	225
60610	195
60610	200
60610	250
60610	115
60610	115
60610	200
60610	200
60610	270
60610	245
60610	100
60610	500
60610	170
60610	170
60610	270
60610	175
60610	175
60610	125
60610	125
60610	175
60610	175
60610	270
60610	175
60610	175
60610	200
60610	200
60610	170
60610	170
60610	230
60610	230
60610	500
60610	200
60610	100
60610	185
60610	185
60610	150
60610	170
60610	170
60610	260
60610	165
60610	185
60610	295
60610	200
60610	200
60610	250
60610	200
60610	175
60610	160
60610	160
60610	225
60610	250
60610	500
60610	200
60610	100
60610	170
60610	170
60610	235
60610	235
60610	170
60610	170
60610	125
60610	125
60610	200
60611	200
60611	200
60611	250
60611	250
60611	250
60611	400
60611	250
60611	200
60611	200
60611	195
60611	241
60611	185
60611	200
60611	200
60611	400
60611	145
60611	99
60611	99
60611	250
60611	180
60611	180
60611	195
60611	225
60611	299
60611	241
60611	195
60611	195
60611	200
60611	190
60612	100
60612	100
60613	250
60613	69
60613	19
60613	44
60613	100
60613	195
60613	195
60613	200
60613	175
60613	140
60613	225
60613	180
60613	175
60613	100
60613	175
60613	215
60613	175
60613	175
60613	100
60613	100
60613	160
60613	150
60613	200
60613	190
60613	150
60613	130
60613	195
60614	80
60614	175
60614	175
60614	300
60614	300
60614	200
60614	99
60614	99
60614	150
60614	300
60614	300
60614	200
60614	200
60614	215
60614	200
60614	275
60614	165
60614	265
60614	200
60614	165
60614	165
60614	135
60614	135
60614	150
60614	150
60614	220
60614	300
60614	300
60614	165
60614	282
60614	265
60614	195
60614	195
60614	225
60614	225
60614	200
60614	300
60614	300
60614	150
60614	150
60614	165
60614	300
60614	300
60614	125
60615	100
60615	100
60615	100
60615	100
60615	100
60615	100
60615	100
60616	200
60616	185
60616	250
60616	200
60616	194
60616	150
60616	150
60616	215
60616	99
60616	99
60616	180
60616	194
60616	194
60616	250
60616	250
60616	175
60618	150
60618	150
60618	150
60618	300
60618	300
60618	70
60618	100
60618	100
60618	75
60618	75
60618	100
60618	100
60618	75
60618	150
60618	150
60618	160
60618	160
60622	165
60622	165
60622	125
60622	125
60622	300
60622	200
60622	85
60622	100
60622	165
60622	165
60622	150
60622	150
60622	85
60622	200
60622	200
60622	150
60622	150
60622	85
60622	495
60622	495
60622	165
60622	165
60622	170
60622	170
60622	175
60622	170
60622	170
60622	75
60622	75
60622	165
60622	165
60622	150
60622	150
60622	100
60622	100
60622	100
60624	400
60624	400
60625	75
60625	75
60625	75
60625	75
60625	75
60625	75
60625	120
60625	120
60625	150
60625	150
60625	75
60625	75
60625	75
60625	50
60625	50
60625	50
60625	75
60625	75
60625	75
60625	130
60625	75
60625	75
60625	120
60625	75
60625	75
60625	75
60625	75
60625	75
60625	75
60625	164
60625	75
60625	75
60625	75
60625	75
60625	75
60625	75
60625	75
60625	115
60625	75
60625	75
60625	75
60625	100
60625	75
60626	140
60626	150
60626	150
60626	150
60626	150
60626	100
60626	100
60626	170
60626	175
60626	175
60626	175
60626	175
60626	175
60626	175
60626	100
60626	100
60626	125
60626	180
60626	180
60626	84
60626	84
60629	175
60629	175
60629	70
60629	175
60629	175
60630	50
60630	50
60630	150
60630	75
60630	150
60630	150
60630	300
60630	300
60630	50
60630	150
60630	150
60634	75
60634	60
60634	600
60634	600
60634	75
60634	75
60634	75
60634	600
60634	600
60634	75
60634	75
60634	75
60634	75
60634	200
60634	200
60634	600
60634	600
60634	75
60634	75
60634	75
60634	75
60634	75
60634	75
60634	75
60634	75
60634	75
60636	100
60639	88
60639	88
60640	140
60640	115
60640	160
60640	160
60640	145
60640	150
60640	150
60640	150
60640	100
60640	75
60640	100
60640	100
60641	500
60641	500
60641	100
60641	100
60641	100
60641	100
60641	350
60641	135
60641	75
60642	150
60642	150
60642	250
60642	250
60642	155
60644	125
60644	125
60645	75
60645	125
60647	175
60647	175
60647	150
60647	150
60647	65
60647	200
60647	200
60647	150
60647	150
60647	135
60647	135
60647	115
60647	115
60647	90
60647	100
60647	100
60647	100
60647	100
60647	100
60647	100
60647	125
60647	100
60647	135
60647	147
60647	147
60647	135
60647	135
60647	100
60647	120
60649	35
60654	200
60654	200
60654	225
60654	225
60654	200
60654	230
60654	230
60654	300
60654	300
60654	235
60654	195
60654	200
60654	200
60656	50
60657	165
60657	165
60657	125
60657	125
60657	150
60657	150
60657	170
60657	250
60657	30
60657	150
60657	125
60657	165
60657	165
60657	165
60657	165
60657	250
60657	250
60657	150
60657	150
60657	150
60657	175
60657	175
60657	175
60657	180
60657	180
60657	200
60657	125
60657	30
60657	175
60657	120
60657	120
60657	200
60657	125
60657	125
60657	125
60657	125
60657	125
60657	125
60657	141
60657	177
60657	115
60657	235
60657	235
60657	150
60657	150
60657	50
60657	50
60657	210
60657	210
60657	15
60657	15
60659	324
60659	324
60659	324
60660	175
60660	175
60660	125
60660	125
60660	100
60660	125
60661	300
60661	225
60661	225
60707	85
60707	85
