02118	4302
02118	3795
02118	4302
02118	4000
02118	3250
02118	3400
02118	3450
02118	4264
02118	3500
02118	3500
02118	2900
02118	3350
02118	3000
02118	2700
02118	3500
02118	3900
02118	2600
02118	3500
02118	3575
02118	3575
02118	3575
02118	3200
02118	4300
02118	4000
02118	3475
02118	3400
02118	3500
02118	2600
02118	3950
02118	1000
02118	2900
02118	3990
02118	3950
02118	3950
02118	3950
02118	3875
02118	3990
02118	3990
02118	3990
02118	3990
02118	3835
02118	3990
02118	3744
02118	3990
02118	3990
02118	3350
02118	3990
02118	3990
02118	3990
02118	3990
02118	3990
02118	3990
02118	4500
02118	4500
02118	3450
02118	3700
02118	3982
02118	3835
02118	3907
02118	3700
02118	3882
02118	4500
02118	3200
02118	3200
02118	3200
02118	3200
02118	3250
02118	3450
02118	3500
02118	3050
02118	3250
02118	3550
02118	3500
02118	3400
02118	3500
02118	3500
02118	3400
02118	3400
02118	3250
02118	3350
02118	3500
02118	3982
02118	2500
02118	3100
02118	3350
02118	3350
02118	2700
02118	3200
02118	3350
02118	3100
02118	3500
02118	3050
02118	3500
02118	3475
02118	3000
02118	3475
02118	3475
02118	2700
02118	3300
02118	4000
02118	3900
02118	4090
02118	4000
02118	3100
02118	3800
02118	3500
02118	3500
02118	3500
02118	2800
02118	4450
02118	3984
02118	3992
02118	3695
02118	3695
02118	3695
02118	3500
02118	2800
02118	2800
02118	3050
02118	2800
02119	2325
02119	2600
02119	1700
02119	2200
02119	1500
02119	1900
02119	2200
02119	2100
02119	2325
02119	2350
02119	4995
02119	2100
02119	1750
02119	2650
02119	3985
02119	3985
02119	1900
02119	2300
02119	2300
02119	2600
02119	2600
02119	2500
02119	2500
02119	2600
02119	2600
02119	1750
02119	2100
02119	2200
02119	1700
02119	1000
02119	1800
02119	2550
02119	2500
02120	2300
02120	2500
02120	1899
02120	2500
02120	3600
02120	3100
02120	3910
02120	3400
02120	2500
02120	2500
02120	3651
02120	2500
02120	2500
02120	2500
02120	2500
02120	3800
02120	2500
02120	2750
02120	3150
02120	2800
02120	1899
02120	2350
02120	1899
02120	2500
02120	2095
02120	2095
02120	2095
02120	2095
02120	2095
02120	2095
02120	2095
02120	2095
02120	2095
02120	3400
02120	2200
02120	2195
02120	3600
02120	2500
02120	3050
02120	2100
02120	3150
02120	3150
02120	1899
02120	3710
02120	2195
02120	2300
02120	2500
02120	2000
02120	3684
02120	2500
02120	2200
02120	2295
02120	3850
02120	3150
02120	2200
02120	2200
02120	2200
02120	3100
02120	2350
02120	2300
02120	2400
02120	2350
02120	3725
02120	2095
02120	2400
02120	2400
02120	1899
02120	2200
02120	2500
02120	3800
02120	3100
02120	3650
02120	2400
02120	1899
02120	2000
02120	2200
02120	2250
02120	2600
02120	2600
02120	2200
02120	3880
02120	2750
02120	2200
02120	3100
02120	3650
02120	1899
02120	2350
02120	2200
02120	2100
02120	2500
02120	3100
02120	1900
02120	2195
02120	2500
02120	2500
02120	2500
02120	2500
02120	2500
02120	2250
02120	1899
02120	3150
02120	2250
02120	3100
02120	3150
02120	2800
02120	2500
02130	2000
02130	2250
02130	2300
02130	2650
02130	2000
02130	2075
02130	4000
02130	2300
02130	4821
02130	3250
02130	3050
02130	3250
02130	3200
02130	2200
02130	2750
02130	2450
02130	2200
02130	2300
02130	3200
02130	2300
02130	2500
02130	2985
02130	4125
02130	4569
02130	2500
02130	2300
02130	2400
02130	2350
02130	1800
02130	2600
02130	2200
02130	2450
02130	2735
02130	2400
02130	2450
02130	2885
02130	3600
02130	3600
02130	2250
02130	2500
02130	2300
02130	2495
02130	1800
02130	2600
02130	2600
02130	2550
02130	900
02130	2700
02130	2500
02130	2200
02130	2000
02130	3200
02130	2000
02130	1750
02130	1750
02130	2500
02130	2300
02130	2200
02130	2300
02130	3115
02130	4000
02130	2810
02130	3115
02130	4000
02130	2810
02130	2250
02130	2300
02130	2100
02130	2450
02130	2300
02130	2250
02130	3942
02130	2300
02130	2400
02130	2295
02130	2600
02130	2500
02130	2600
02130	2600
02130	2295
02130	2300
02130	2450
02130	2300
02130	2500
02130	3460
02130	2300
02130	2300
02130	2300
02130	2300
02130	2750
02130	2985
02130	2295
02130	2300
02130	2735
02130	3310
02130	2100
02130	2300
02130	4139
02130	3929
02130	3140
02130	2300
02130	2500
02130	2300
02130	2700
02130	2950
02130	2950
02130	2650
02130	2650
02130	2700
02130	2700
02130	2700
02130	2700
02130	2700
02130	2200
02130	2500
02130	2495
02130	2300
02130	2500
02130	2500
02130	2300
02134	2050
02134	2050
02134	2800
02134	2395
02134	2600
02134	2600
02134	2395
02134	2255
02134	2000
02134	2185
02134	2150
02134	2395
02134	1995
02134	2185
02134	2800
02134	2395
02134	2075
02134	2500
02134	2500
02134	2500
02134	2500
02134	2500
02134	2395
02134	2075
02134	2075
02134	2200
02134	2595
02134	2500
02134	2400
02134	2000
02134	2025
02134	2025
02134	3705
02134	2395
02134	2450
02134	1735
02134	1950
02134	1825
02134	1950
02134	1950
02134	4020
02134	4020
02134	2000
02134	1850
02134	3376
02134	2255
02134	2295
02134	2250
02134	2250
02134	2295
02134	2225
02134	2700
02134	2375
02134	1850
02134	1850
02134	2185
02134	2025
02134	3000
02134	2400
02134	2195
02134	2025
02134	2000
02134	2225
02134	2225
02134	3000
02134	1975
02134	2300
02134	3000
02134	1975
02134	2200
02134	1800
02134	2800
02134	2675
02134	2675
02134	2500
02134	2400
02134	2225
02134	2225
02134	3000
02134	1975
02134	1975
02134	1975
02134	1975
02134	2195
02134	2980
02134	3000
02134	2995
02134	2295
02134	2250
02134	2265
02134	1775
02134	1775
02134	2050
02134	2050
02134	2400
02134	3705
02134	2000
02134	2150
02134	2300
02134	2150
02134	2450
02134	2495
02134	2300
02134	3000
02134	2495
02134	2100
02134	2500
02134	3100
02134	2450
02134	2495
02134	2450
02134	2050
02134	2750
02134	3000
02134	2800
02134	2695
02134	2695
02134	4247
02134	2300
02134	2400
02135	2095
02135	2100
02135	2100
02135	2500
02135	2000
02135	2185
02135	2200
02135	2000
02135	1900
02135	2450
02135	2450
02135	1900
02135	1900
02135	1975
02135	2255
02135	1900
02135	2000
02135	2400
02135	2625
02135	2100
02135	1625
02135	2450
02135	2100
02135	2000
02135	2000
02135	2250
02135	2235
02135	2500
02135	2150
02135	1995
02135	2025
02135	2025
02135	1995
02135	1795
02135	1995
02135	1900
02135	1950
02135	1900
02135	1900
02135	2000
02135	1860
02135	1975
02135	1950
02135	1975
02135	1100
02135	1100
02135	2125
02135	1950
02135	2050
02135	2150
02135	2200
02135	2400
02135	2200
02135	1875
02135	2400
02135	2150
02135	1825
02135	1950
02135	2495
02135	2195
02135	2500
02135	2500
02135	2250
02135	2245
02135	2255
02135	2250
02135	2075
02135	2250
02135	2250
02135	2250
02135	2200
02135	2250
02135	2000
02135	2150
02135	2150
02135	2250
02135	2090
02135	2225
02135	2100
02135	2150
02135	2235
02135	2495
02135	2595
02135	2495
02135	2495
02135	2495
02135	2260
02135	2125
02135	2225
02135	2240
02135	2250
02135	2240
02135	2595
02135	2225
02135	2225
02135	2250
02135	2250
02135	2250
02135	2225
02135	2250
02135	2250
02135	2245
02135	2200
02135	2250
02135	2255
02135	2250
02135	2245
02135	2150
02135	2250
02135	2095
02135	2250
02135	2095
02135	2150
02135	2150
02135	2275
02135	2275
02135	2255
02135	2250
02135	2250
02135	2240
02445	2700
02445	3100
02445	2595
02445	2595
02445	2695
02445	2100
02445	2200
02445	2695
02445	2595
02445	2700
02445	2200
02445	2595
02445	2200
02445	2625
02445	2595
02445	2595
02445	2595
02445	2595
02445	2900
02445	2600
02445	2685
02445	2150
02445	2240
02445	2240
02445	2250
02445	2425
02445	2450
02445	2695
02445	2695
02445	2625
02445	2625
02445	2625
02445	2750
02445	2600
02445	3700
02445	2350
02445	2625
02445	2625
02445	2800
02445	2750
02445	3000
02445	3000
02445	2200
02445	2595
02445	2500
02445	3400
02445	1800
02445	1850
02445	2700
02445	3000
02445	2750
02445	3350
02445	2595
02445	2350
02445	3000
02445	2595
02445	3200
02445	2350
02445	2650
02445	2595
02445	2595
02445	2595
02445	1150
02445	3250
02445	2595
02445	2595
02445	2595
02445	2595
02445	2595
02445	2595
02445	2595
02445	2595
02445	2595
02445	2595
02445	2625
02445	2595
02445	2625
02445	2725
02445	2595
02445	2350
02445	2685
02445	3000
02445	2750
02445	2685
02445	2625
02445	2595
02445	2750
02445	2595
02445	2595
02445	2595
02445	2500
02445	2350
02445	2500
02445	2500
02445	2500
02445	2685
02445	2685
02445	2685
02445	2685
02445	2750
02445	2900
02445	2595
02445	2595
02445	2750
02445	2950
02445	2685
02445	2750
02445	2750
02445	2660
02445	2595
02445	2595
02445	2375
02445	2595
02445	2750
02445	2595
02445	2450
02445	2685
02445	2800
02445	3900
02445	3000
02446	2800
02446	2700
02446	3500
02446	2900
02446	3300
02446	2800
02446	2500
02446	2600
02446	2600
02446	3450
02446	2675
02446	1900
02446	2600
02446	3500
02446	2600
02446	2950
02446	2950
02446	2600
02446	2500
02446	3000
02446	2575
02446	3350
02446	2500
02446	2595
02446	2495
02446	2595
02446	2800
02446	3300
02446	3200
02446	2866
02446	3200
02446	2600
02446	2745
02446	2623
02446	2600
02446	2600
02446	2795
02446	2300
02446	2600
02446	2100
02446	2700
02446	2500
02446	2400
02446	2900
02446	2775
02446	2800
02446	2675
02446	2950
02446	2395
02446	2650
02446	2400
02446	2395
02446	2086
02446	2995
02446	3500
02446	2600
02446	3300
02446	3300
02446	2500
02446	3500
02446	3350
02446	2900
02446	2900
02446	3400
02446	2850
02446	3750
02446	2960
02446	2950
02446	2900
02446	2395
02446	2595
02446	2595
02446	2595
02446	2595
02446	2895
02446	2795
02446	3165
02446	3000
02446	2750
02446	2866
02446	2595
02446	2250
02446	2250
02446	2750
02446	2595
02446	2595
02446	3500
02446	3500
02446	2700
02446	2595
02446	2600
02446	3000
02446	2495
02446	2495
02446	2495
02446	2350
02446	2495
02446	3500
02446	2495
02446	2495
02446	2495
02446	2495
02446	2350
02446	2495
02446	2495
02446	2495
02446	2495
02446	2495
02446	2495
02446	2495
02446	2625
02446	3300
02446	2795
02446	2900
02446	3500
02446	4000
02446	4000
02446	3000
02446	3300
02446	2750
02467	1825
02467	1825
02467	6440
02467	2350
02467	2350
02467	2350
02467	2350
02467	2300
02467	2300
02467	2710
02467	3300
02467	2600
02467	2300
02467	2400
02467	1950
02467	2400
02467	2400
02467	2690
02467	2430
02467	2210
02467	2350
02467	2350
02467	2450
02467	2450
02467	2350
02467	1900
02467	2350
02467	2350
02467	2350
02467	2250
02467	2400
02467	1725
02467	2400
02467	2300
02467	2400
02467	2300
02467	2400
02467	1800
02467	2400
02467	2210
02467	2210
02467	2210
02467	2210
02467	2210
02467	2210
02467	2250
02467	2400
02467	1990
02467	6440
02467	3950
02467	4275
02467	6440
02467	2500
02467	1975
02467	3500
02467	2400
02467	1725
02467	1900
02467	2250
02467	1950
02467	2510
02467	3095
02467	1950
02467	1990
02467	2000
02467	2000
02108	3100
02108	3350
02108	1400
02108	3400
02108	3100
02108	3200
02108	3400
02108	3400
02108	3100
02108	3845
02108	3100
02108	3100
02108	3100
02108	3100
02108	3100
02108	3750
02108	3750
02108	2750
02108	3100
02108	3100
02108	3100
02108	3100
02108	3100
02108	3100
02108	3100
02108	3100
02108	3100
02108	3100
02108	3100
02108	5200
02108	3750
02108	3000
02108	3000
02108	3200
02108	3100
02108	3100
02108	3100
02108	3750
02108	3000
02108	3200
02108	3000
02108	3000
02108	3000
02108	3000
02108	3200
02108	3200
02108	3200
02108	3100
02108	5200
02108	3350
02108	6950
02108	3200
02108	3200
02108	3200
02108	3400
02108	3000
02108	3200
02108	3400
02114	3000
02114	3904
02114	3595
02114	3709
02114	3575
02114	2500
02114	3300
02114	2650
02114	2650
02114	4825
02114	4435
02114	3400
02114	3300
02114	3890
02114	3790
02114	2800
02114	3700
02114	3795
02114	3935
02114	3680
02114	4660
02114	2600
02114	2600
02114	3000
02114	3000
02114	3000
02114	3000
02114	3000
02114	3000
02114	2400
02114	3800
02114	2700
02114	2575
02114	2650
02114	3935
02114	4660
02114	2575
02114	4388
02114	3540
02114	3675
02114	3540
02114	4310
02114	4685
02114	4050
02114	3425
02114	3426
02114	2595
02114	3996
02114	4310
02114	3675
02114	2450
02114	3700
02114	2870
02114	2450
02114	2695
02114	2450
02114	2695
02114	2450
02114	4525
02114	4050
02114	3714
02114	2400
02114	2800
02114	2800
02114	2800
02114	2800
02114	3225
02114	3819
02114	3530
02114	3570
02114	3971
02114	3719
02114	2695
02114	2675
02114	2875
02114	4550
02114	3000
02114	3000
02114	3620
02114	3670
02114	2650
02114	4065
02114	2650
02114	4500
02114	3905
02114	3426
02114	4500
02114	3000
02114	3000
02114	3900
02114	4500
02114	3900
02114	3900
02114	3900
02114	6665
02114	6800
02114	4450
02114	4435
02114	3689
02114	3965
02114	2880
02114	4035
02114	4825
02114	3605
02114	4205
02114	3250
02114	2850
02114	3595
02114	3730
02114	3929
02114	4475
02114	2250
02114	4590
02114	3725
02114	4620
02114	3820
02114	4065
02114	3000
02114	2800
02114	3475
02115	2200
02115	2560
02115	3410
02115	4250
02115	2560
02115	3410
02115	2560
02115	5950
02115	3410
02115	3500
02115	2200
02115	2150
02115	4240
02115	3750
02115	2200
02115	1850
02115	1995
02115	1995
02115	2600
02115	4240
02115	2095
02115	2500
02115	3000
02115	3800
02115	3800
02115	3750
02115	3150
02115	2600
02115	3100
02115	3100
02115	3875
02115	3350
02115	2700
02115	3800
02115	3600
02115	3750
02115	4825
02115	5950
02115	7900
02115	1500
02115	7925
02115	6000
02115	4200
02115	2700
02115	3600
02115	3600
02115	2900
02115	1915
02115	2200
02115	2900
02115	2150
02115	3800
02115	3800
02115	3800
02115	3800
02115	3150
02115	3150
02115	2100
02115	2850
02115	1995
02115	2295
02115	2395
02115	2295
02115	2600
02115	2700
02115	2700
02115	2850
02115	2850
02115	6475
02115	2095
02115	3600
02115	2600
02115	3600
02115	1995
02115	2195
02115	2095
02115	1995
02115	2750
02115	2500
02115	2295
02115	3150
02115	2995
02115	2995
02115	2700
02115	1850
02115	1975
02115	4200
02115	2295
02115	2500
02115	2825
02115	2600
02115	2700
02115	2495
02115	2395
02115	2495
02115	2395
02115	2495
02115	2495
02115	1995
02115	2395
02115	2495
02115	2395
02115	2395
02115	2395
02115	3800
02115	2495
02115	2395
02115	2495
02115	2600
02115	1725
02115	3150
02115	3150
02115	3150
02115	3150
02115	3150
02115	3150
02115	3150
02115	3150
02115	3150
02115	2900
02116	7200
02116	5700
02116	3950
02116	3850
02116	3100
02116	3100
02116	5459
02116	5700
02116	3550
02116	2600
02116	5427
02116	4995
02116	5427
02116	2300
02116	3500
02116	3450
02116	6340
02116	3950
02116	1150
02116	2100
02116	1500
02116	1500
02116	2400
02116	2100
02116	5650
02116	3875
02116	3475
02116	5900
02116	5433
02116	5557
02116	5460
02116	3875
02116	5950
02116	3700
02116	6970
02116	3800
02116	3400
02116	1150
02116	3500
02116	2350
02116	4648
02116	4000
02116	3500
02116	3900
02116	4000
02116	3950
02116	3950
02116	2700
02116	4050
02116	4050
02116	4650
02116	3275
02116	4100
02116	3275
02116	3275
02116	4280
02116	3900
02116	4950
02116	3400
02116	7500
02116	4500
02116	3475
02116	6955
02116	4130
02116	5685
02116	3850
02116	3250
02116	3999
02116	3999
02116	5500
02116	4650
02116	3200
02116	5460
02116	6905
02116	3200
02116	4500
02116	699
02116	745
02116	3950
02116	715
02116	6500
02116	3300
02116	4150
02116	3050
02116	3000
02116	3100
02116	3950
02116	5627
02116	5684
02116	3985
02116	4325
02116	5720
02116	5627
02116	6955
02116	8685
02116	4050
02116	5475
02116	4700
02116	5300
02116	5300
02116	5400
02116	5200
02116	5400
02116	5400
02116	5400
02116	5400
02116	4500
02116	3950
02116	4700
02116	5700
02116	5700
02116	4650
02116	4499
02116	3200
02116	3250
02116	3100
02116	5639
02116	4668
02116	7200
02215	2795
02215	2000
02215	2000
02215	2700
02215	2945
02215	2995
02215	5050
02215	3200
02215	4495
02215	5421
02215	2700
02215	4008
02215	3000
02215	3250
02215	3250
02215	4299
02215	2650
02215	2600
02215	3150
02215	3250
02215	2400
02215	2400
02215	4750
02215	5000
02215	3000
02215	2000
02215	3400
02215	3400
02215	3400
02215	3400
02215	3400
02215	3400
02215	3400
02215	3400
02215	3400
02215	3400
02215	3000
02215	5074
02215	5169
02215	4750
02215	2995
02215	2800
02215	3300
02215	3200
02215	3100
02215	2600
02215	2600
02215	2300
02215	2600
02215	2650
02215	4750
02215	3000
02215	3200
02215	3250
02215	3100
02215	2500
02215	2700
02215	2495
02215	2499
02215	4568
02215	3700
02215	3850
02215	3250
02215	3700
02215	3250
02215	2800
02215	2800
02215	2800
02215	2500
02215	2895
02215	2500
02215	2600
02215	3850
02215	2675
02215	559
02215	2300
02215	3042
02215	2995
02215	4831
02215	4008
02215	4996
02215	4750
02215	4750
02215	3100
02215	3000
02215	2800
02215	2800
02215	3000
02215	3000
02215	3000
02215	2800
02215	3000
02215	3680
02215	4905
02215	5594
02215	3200
02215	3200
02215	3100
02215	3000
02215	2995
02215	3200
02215	2700
02215	3200
02215	3400
02215	3400
02215	3400
02215	3400
02215	3400
02215	3400
02215	3200
02215	3400
02215	3400
02215	3400
02215	3400
02215	3250
02215	3200
02215	1950
02215	2300
02215	2595
02215	2500
02128	2175
02128	3020
02128	2000
02128	2300
02128	2175
02128	3275
02128	3225
02128	2175
02128	3100
02128	1600
02128	3938
02128	3868
02128	2175
02128	3480
02128	3450
02128	1800
02128	2175
02128	3400
02128	1800
02128	1800
02128	1800
02128	1800
02128	2450
02128	3500
02128	3225
02128	4000
02128	2900
02128	2900
02128	3505
02128	2300
02128	2000
02128	3485
02128	3615
02128	3360
02128	2175
02128	3080
02128	3100
02128	2600
02128	2175
02128	2100
02128	3369
02128	2175
02128	1750
02128	2500
02128	2100
02128	1800
02128	2000
02128	3160
02128	3515
02128	3175
02128	3369
02128	1995
02128	2100
02128	2175
02128	2300
02128	2200
02128	3925
02128	2100
02128	3335
02128	3925
02128	2000
02128	3200
02128	2500
02128	2400
02128	1650
02128	1750
02128	1750
02128	2600
02128	2900
02128	1995
02128	2175
02128	3470
02128	3160
02128	3930
02128	2933
02128	3500
02128	2600
02128	1600
02128	3625
02128	3489
02128	2000
02128	3500
02128	3175
02128	3780
02128	2000
02128	3200
02128	2175
02128	2400
02128	2500
02128	2300
02128	2000
02128	2000
02128	2000
02128	3390
02128	3390
02128	3400
02128	3390
02128	3390
02128	1800
02128	1750
02128	1800
02128	1200
02128	1995
02128	1995
02128	1995
02128	1995
02128	1995
02128	1995
02128	1995
02128	1995
02128	1995
02128	1995
02128	2000
02128	2300
02128	2300
02128	2300
02128	2600
02128	2100
02128	3650
02129	2900
02129	3100
02129	3050
02129	4000
02129	2900
02129	5095
02129	4020
02129	3995
02129	4165
02129	3895
02129	2900
02129	2964
02129	2990
02129	3200
02129	3200
02129	3200
02129	3000
02129	3975
02129	3990
02129	3500
02129	2575
02129	4695
02129	3780
02129	3520
02129	3120
02129	3698
02129	2900
02129	3400
02129	4090
02129	3995
02129	3519
02129	3895
02129	3995
02129	4595
02129	4930
02129	3354
02129	3995
02129	3200
02129	3100
02129	3350
02129	3350
02129	3350
02129	2900
02129	3100
02129	3900
02129	3775
02129	3900
02129	2900
02129	3200
02129	3995
02129	5500
02129	3100
02129	2900
02129	3523
02129	3010
02129	3010
02129	2850
02129	3350
02129	2795
02129	3350
02129	3900
02129	2900
02129	3995
02129	3900
02129	2900
02129	3590
02129	3778
02129	2900
02129	3590
02129	3590
02129	3778
02129	2700
02129	3400
02129	3200
02129	3093
02129	3093
02129	3520
02129	3520
02129	3520
02129	3520
02129	3900
02129	3350
02129	3850
02129	4000
02129	3250
02129	2900
02129	2900
02129	3100
02129	2900
02129	4950
02129	4000
02129	2500
02129	3778
02129	2900
02129	2900
02129	2900
02129	3200
02129	2810
02129	2850
02129	2900
02129	3100
02129	4300
02129	4300
02129	3350
02129	3350
02150	1600
02150	2550
02150	2550
02150	1700
02150	2600
02150	3100
02150	2900
02150	2700
02150	2550
02150	2355
02150	2500
02150	2157
02150	2550
02150	2905
02150	2550
02150	2500
02150	3000
02150	2809
02150	3114
02150	2140
02150	2857
02150	1700
02150	2130
02150	2550
02150	2000
02150	2550
02150	2463
02150	1900
02150	1900
02150	2500
02150	2150
02150	2155
02150	2145
02150	1925
02150	1925
02150	2050
02150	2954
02150	2500
02150	2095
02150	2550
02150	2275
02150	2709
02150	2550
02150	2355
02150	2540
02150	2741
02150	1900
02150	1900
02150	2902
02150	3052
02150	2700
02150	2725
02150	2600
02150	2550
02150	3000
02150	2975
02150	2675
02150	2390
02150	2355
02150	2550
02150	2355
02150	2550
02150	2725
02150	1700
02150	2600
02150	2550
02150	2550
02150	2180
02150	2104
02150	1550
02150	2550
02150	2550
02150	2550
02150	2550
02150	1700
02150	2355
02150	2550
02150	2550
02150	2355
02150	1700
02150	2079
02151	3380
02151	2890
02151	2890
02151	1500
02151	2540
02151	2900
02151	2650
02151	2650
02151	2900
02151	2900
02151	3360
02151	2175
02151	1700
02151	1800
02151	1800
02151	1700
02151	3390
02151	3360
02151	2675
02151	3360
02151	1700
02151	1800
02151	1700
02151	1695
02151	2830
02151	2985
02151	2200
02151	1850
02151	1500
02151	2840
02151	2390
02151	2200
02151	3360
02151	3360
02151	2295
02151	2295
02151	1600
02151	3395
02151	2700
02151	2285
02151	2131
02151	2000
02151	1695
02151	1700
02151	1800
02151	2560
02151	2550
02151	2520
02151	3420
02151	2555
02151	2795
02151	3395
02151	2715
02151	3395
02151	2830
02151	2740
02151	2530
02151	2505
02151	1600
02151	2736
02151	2512
02151	3080
02151	2512
02151	3080
02151	3080
02151	3080
02151	2875
02151	2975
02151	1900
02151	2225
02151	2700
02151	2150
02151	2185
02151	2175
02151	1600
02151	2000
02151	2175
02151	1800
02151	3360
02151	1700
02151	1550
02151	2900
02151	2000
02152	1650
02152	1700
02152	1650
02152	1300
02152	1600
02152	1500
02152	1700
02152	1700
02152	1700
02152	1700
02124	1900
02124	2375
02124	1800
02124	1700
02124	1940
02124	1965
02124	2400
02124	1995
02124	2602
02124	2385
02124	2700
02124	1800
02124	1900
02124	2517
02124	1800
02124	1995
02124	1800
02124	2385
02124	2385
02124	2750
02124	2602
02124	1800
02124	3100
02124	1100
02124	1950
02124	2517
02124	2250
02124	1950
02124	2385
02124	1700
02124	1700
02124	1800
02124	1800
02124	1800
02124	2517
02124	2602
02124	1800
02124	1800
02124	2400
02124	1700
02124	1800
02124	1700
02124	1800
02124	1800
02124	2200
02124	3800
02124	1800
02124	1800
02126	2250
02126	1800
02126	1700
02126	1900
02126	1800
02126	1900
02126	1500
02126	2200
02126	1800
02126	1850
02126	1850
02131	2200
02131	2200
02131	2200
02131	2200
02131	2200
02131	2200
02131	2200
02131	2200
02131	2200
02131	2200
02131	2200
02131	2200
02131	2200
02131	2200
02131	2200
02131	2200
02131	2200
02131	2200
02131	2200
02131	2200
02131	2200
02131	2200
02131	2200
02131	2200
02131	2200
02131	2200
02131	2200
02131	2200
02131	2200
02131	2200
02131	2200
02131	2200
02131	2200
02131	2200
02131	2200
02131	2200
02131	2200
02131	2200
02131	2200
02131	2200
02131	2200
02131	2200
02131	2200
02131	2200
02131	2300
02131	2000
02131	1900
02131	1750
02131	2000
02131	1950
02131	2100
02131	2250
02131	2250
02131	2250
02131	2300
02131	2250
02131	2200
02131	2250
02131	2300
02131	2000
02131	2000
02131	2000
02131	2000
02131	2250
02131	1575
02131	1575
02131	2250
02131	2250
02131	2250
02131	2000
02131	2250
02131	2500
02131	2250
02131	2200
02131	2500
02131	2250
02131	2000
02131	2000
02131	2200
02131	2250
02131	2250
02131	2250
02131	2050
02131	1900
02131	2300
02131	2100
02131	2250
02131	2300
02131	2000
02131	2200
02131	1850
02131	2250
02131	2250
02131	2300
02131	2250
02131	2250
02131	2250
02131	2250
02132	1825
02132	1825
02132	1850
02132	1825
02132	1850
02132	1975
02132	2200
02132	2430
02132	1975
02132	1900
02132	2200
02132	2490
02132	1800
02132	1800
02132	1800
02132	1800
02132	1800
02132	1900
02132	2200
02132	2200
02132	1850
02132	1995
02132	1995
02132	1995
02132	1995
02132	2200
02132	2200
02132	1975
02132	2200
02132	2200
02132	1975
02132	2200
02132	1975
02132	1825
02132	2200
02132	1995
02132	2260
02132	2260
02132	1800
02132	1850
02132	1975
02132	1975
02132	2200
02132	2250
02132	1975
02132	2200
02132	2200
02132	2250
02132	1825
02132	1975
02132	2300
02132	2250
02132	2800
02132	2250
02132	2250
02132	2250
02132	2800
02132	2250
02132	2800
02132	2250
02136	1825
02136	1750
02136	1800
02136	1945
02136	1800
02136	1750
02136	1700
02136	1900
02136	1700
02136	1800
02109	3845
02109	3750
02109	3250
02109	4205
02109	2500
02109	2700
02109	2350
02109	2450
02109	2295
02109	2700
02109	2860
02109	3750
02109	3915
02109	3750
02109	3000
02109	3000
02109	3000
02109	2500
02109	3500
02109	3250
02109	3400
02109	3350
02109	3800
02109	3495
02109	3600
02109	3550
02109	3695
02109	3695
02109	3695
02109	2650
02109	3175
02109	3250
02109	3000
02109	4045
02109	6045
02109	3000
02109	3250
02109	3200
02109	3200
02109	3200
02109	3200
02109	3500
02109	6000
02109	3575
02109	3575
02109	2700
02109	3750
02109	3500
02109	3000
02109	2400
02109	3495
02109	2700
02109	3500
02109	3500
02109	3900
02109	3695
02109	3765
02109	3080
02109	3800
02109	3750
02109	3667
02109	2700
02109	3900
02109	3750
02109	2700
02109	3300
02109	3750
02109	3750
02109	3800
02109	3335
02109	3575
02109	2700
02109	2295
02109	3975
02109	3750
02109	3845
02109	3750
02109	3575
02109	3750
02109	4100
02109	3700
02109	3750
02109	4100
02109	3975
02109	3975
02109	3600
02109	3600
02109	3600
02109	3650
02109	3700
02109	3750
02109	3750
02109	3600
02109	3600
02109	3650
02109	3600
02109	3700
02109	3575
02109	3600
02109	3750
02109	2500
02109	2500
02109	3750
02109	1795
02109	3000
02109	3750
02109	3400
02109	3500
02109	2700
02109	3750
02109	3750
02109	3600
02109	2100
02109	3000
02109	2295
02109	3750
02109	3845
02109	3845
02109	3575
02109	2100
02110	4000
02110	3850
02110	3850
02110	3850
02110	3850
02110	3850
02110	3850
02110	3850
02110	3850
02110	3301
02110	3200
02110	4950
02110	4200
02110	4950
02110	4500
02110	4950
02110	4950
02110	3513
02110	3758
02110	3537
02110	3744
02110	3150
02110	3535
02110	3200
02110	4950
02110	5599
02110	4667
02110	4950
02110	5000
02110	4200
02110	3797
02110	5499
02110	3759
02110	3691
02110	4000
02110	5602
02110	4200
02110	3975
02110	2850
02110	2850
02110	2850
02110	2850
02110	2850
02110	3900
02110	3850
02110	6741
02110	5599
02110	3200
02110	3150
02110	6555
02110	4200
02110	4200
02110	4950
02110	6741
02110	4200
02110	4500
02110	6775
02110	2850
02111	3750
02111	3000
02111	5330
02111	3400
02111	3750
02111	3400
02111	3400
02111	4613
02111	5509
02111	3995
02111	3955
02111	4950
02111	3500
02111	4300
02111	3500
02111	4099
02111	3995
02111	3995
02111	3985
02111	3500
02111	3600
02111	3600
02111	3750
02111	3660
02111	3600
02111	3600
02111	3660
02111	3660
02111	3660
02111	3660
02111	3660
02111	3600
02111	3600
02111	3600
02111	3600
02111	3660
02111	3600
02111	3600
02111	3600
02111	3600
02111	3660
02111	3600
02111	3660
02111	3600
02111	3600
02111	3600
02111	3600
02111	3660
02111	3660
02111	3600
02111	3750
02111	3660
02111	3660
02111	3660
02111	3600
02111	3600
02111	3600
02111	3660
02111	3600
02111	2950
02111	4875
02111	6170
02111	3995
02111	5330
02111	4535
02111	3907
02111	4550
02111	4082
02111	6170
02111	4535
02111	3995
02111	4945
02111	5141
02111	2650
02111	4608
02111	5187
02111	5462
02111	4550
02111	5200
02111	4300
02111	4300
02111	3700
02111	4300
02111	5100
02111	5100
02111	3800
02111	4300
02111	3800
02111	2600
02111	2400
02111	3550
02111	4550
02111	3995
02111	4165
02111	4617
02111	4150
02111	4150
02111	2550
02111	5187
02111	3900
02111	4225
02111	3750
02111	3995
02111	3500
02111	4608
02111	3500
02111	3500
02111	5509
02111	3750
02111	5010
02111	3907
02111	3950
02111	6170
02111	4092
02111	4092
02111	4092
02111	4092
02111	4092
02111	4092
02111	4092
02113	2600
02113	2800
02113	2400
02113	2700
02113	2650
02113	2200
02113	3000
02113	3000
02113	2700
02113	2900
02113	2850
02113	3100
02113	2650
02113	2700
02113	3000
02113	3150
02113	3300
02113	3050
02113	2650
02113	2800
02113	2500
02113	3300
02113	2700
02113	2800
02113	3300
02113	3400
02113	3100
02113	3450
02113	3400
02113	3350
02113	2400
02113	3100
02113	2950
02113	2700
02113	3000
02113	3400
02113	2800
02113	3400
02113	2750
02113	2600
02113	2400
02113	3100
02113	3000
02113	3000
02113	2600
02113	2795
02113	2695
02113	2600
02113	2450
02113	2500
02113	2300
02113	2800
02113	2600
02113	2800
02113	2500
02113	2750
02113	2695
02113	3250
02113	3350
02113	2750
02113	2800
02113	3300
02113	2300
02113	2695
02113	2800
02113	2800
02113	2500
02113	2600
02113	2500
02113	2800
02113	3050
02113	3300
02113	3350
02113	3200
02113	3150
02113	3300
02113	3150
02113	3150
02113	2695
02113	3200
02113	2800
02113	2800
02113	3000
02113	3050
02113	3050
02113	2675
02113	3200
02113	3200
02113	2400
02113	2800
02113	2800
02113	2800
02113	3150
02113	2400
02113	2800
02113	3150
02113	2700
02113	2800
02113	2800
02113	2800
02113	2800
02113	2850
02113	2800
02113	2700
02113	2850
02113	3250
02113	3350
02113	3050
02113	2700
02113	2700
02113	2800
02113	2700
02113	3450
02113	3000
02113	3200
02113	2250
02113	3505
02113	3675
02113	2300
02113	2695
02121	1700
02121	2000
02121	2000
02121	2000
02121	2000
02121	1500
02121	1700
02121	1900
02121	1900
02121	2000
02121	2100
02121	1950
02121	2000
02121	1800
02122	1800
02122	1900
02122	1800
02122	2100
02122	1900
02122	1680
02122	1695
02122	1695
02122	850
02122	1850
02122	1900
02122	1695
02122	1900
02122	1695
02122	2800
02122	1695
02122	2000
02122	2250
02122	1680
02122	2700
02122	2800
02122	2800
02122	2800
02122	2800
02122	2800
02122	2800
02122	2800
02122	2700
02122	2700
02122	2700
02122	2700
02122	2700
02122	2800
02122	2200
02122	1695
02122	1695
02122	1900
02122	1800
02122	1900
02122	2800
02122	2800
02122	2800
02122	2800
02122	2800
02122	2800
02122	2800
02122	2800
02125	3745
02125	3735
02125	2600
02125	2000
02125	1800
02125	3600
02125	2800
02125	3200
02125	2650
02125	1900
02125	2500
02125	2000
02125	3000
02125	3900
02125	2400
02125	2700
02125	2000
02125	2600
02125	2000
02125	2700
02125	2700
02125	3000
02125	2400
02125	2550
02125	3735
02125	3780
02125	3980
02125	1800
02125	3730
02125	2000
02125	2400
02125	1900
02125	2500
02125	2000
02125	2300
02125	3000
02125	2000
02125	2688
02125	3735
02125	1900
02125	2700
02125	3592
02125	2400
02125	3765
02125	2400
02125	2625
02125	3000
02125	1500
02125	2800
02125	2000
02125	2000
02125	2400
02125	2500
02125	2500
02125	2175
02125	2800
02125	3980
02125	3220
02125	3980
02125	1550
02125	1500
02125	2000
02125	2800
02125	1900
02125	900
02125	1800
02125	2600
02125	1500
02125	1650
02125	3500
02125	2100
02125	1650
02125	2600
02125	1800
02125	2500
02125	2300
02125	2475
02125	1800
02125	2000
02125	2690
02127	3600
02127	4000
02127	1925
02127	3000
02127	2800
02127	2925
02127	3000
02127	4000
02127	3600
02127	3100
02127	3100
02127	3000
02127	3950
02127	2900
02127	2800
02127	2800
02127	3950
02127	2850
02127	2850
02127	2900
02127	2850
02127	2850
02127	2800
02127	2850
02127	2900
02127	2900
02127	2850
02127	2800
02127	2900
02127	2800
02127	2900
02127	4800
02127	4100
02127	4200
02127	3650
02127	4200
02127	3000
02127	4000
02127	4000
02127	990
02127	5000
02127	3500
02127	4025
02127	3950
02127	4035
02127	2700
02127	2800
02127	2700
02127	2800
02127	2700
02127	2500
02127	2700
02127	3150
02127	2850
02127	4000
02127	3950
02127	3995
02127	1125
02127	3700
02127	3900
02127	2800
02127	2700
02127	3300
02127	2900
02127	4100
02127	4800
02127	3800
02127	3979
02127	2900
02127	4000
02127	3000
02127	4500
02127	3000
02127	4500
02127	3100
02127	2700
02127	3449
02127	1200
02127	3000
02127	3000
02127	3000
02127	3200
02127	3100
02127	2750
02127	2900
02127	3100
02127	2700
02127	3750
02127	3700
02127	3100
02127	1900
02127	4000
02127	3000
02127	3000
02127	3000
02127	3000
02127	4500
02127	2600
02127	3600
02127	2800
02127	3000
02127	4500
02127	2500
02127	3200
02127	3300
02127	3800
02127	3500
02127	2800
02127	3100
02127	4450
02127	2900
02127	3000
02127	3600
02127	3335
02127	2800
02127	2400
02127	2700
02127	2500
02127	2400
02127	3200
02210	3799
02210	3750
02210	3881
02210	4892
02210	3750
02210	3700
02210	3750
02210	3750
02210	3700
02210	3759
02210	5399
02210	3516
02210	3920
02210	4400
02210	4515
02210	4842
02210	3765
02210	5602
02210	3608
02210	4480
02210	4892
02210	6500
02210	4800
02210	3750
02210	3750
02210	3700
02210	4385
02210	3951
02210	4031
02210	3800
02210	3691
02210	3881
02210	3951
02210	3838
02210	5607
02210	6443
02210	4892
02210	4031
02210	6607
02210	4480
02210	5640
02210	3642
02210	4500
02210	5200
02210	4438
02210	5100
02210	4500
02210	5400
02210	4700
02210	4400
02210	5200
02210	5300
02210	5300
02210	3650
02210	5798
02210	5100
02210	5400
02210	4328
02210	4480
02210	3790
02210	3767
02210	4733
02210	3792
02210	7900
02210	7900
02210	7900
02210	7900
02210	7900
02210	3691
02210	3696
02210	3750
02210	5890
02210	4800
02210	3750
02210	3700
02210	5599
02210	5174
02210	4974
02210	4800
02210	4800
02210	5737
02210	3760
02210	3850
02210	4595
02210	5671
02210	3898
02210	5751
02210	3550
02210	3600
02210	2800
02210	2800
02210	2800
02210	5768
02210	3484
02210	3750
02210	4500
02210	3750
02210	5602
02210	4031
02210	3838
02210	3951
02210	3881
02210	3759
02210	3524
02210	3800
02210	5607
02210	5399
02210	5399
02210	4892
02210	4031
02210	5607
02210	3800
02210	3484
02210	5399
02210	4500
02210	5600
02210	3691
02210	3691
02210	3484
02210	3722
02458	3100
02458	1900
02458	2400
02458	1895
02458	2100
02458	1750
02458	2100
02458	2100
02458	2195
02458	2200
02458	2100
02458	2195
02458	2195
02458	2195
02458	2400
02458	3100
02458	1900
02458	2195
02458	2700
02458	2100
02458	2200
02458	2500
02458	2200
02458	2300
02458	2200
02458	2195
02458	2195
02458	2195
02458	2195
02458	2195
02458	2195
02458	2195
02458	2200
02458	2195
02458	2600
02458	1750
02458	2150
02458	2200
02458	2200
02458	2400
02458	2195
02458	2200
02458	2200
02458	2100
02458	2195
02458	2195
02458	1800
02458	1750
02458	2195
02458	2100
02458	2600
02458	2100
02458	2200
02458	3800
02458	2100
02458	2150
02458	2150
02458	6000
02458	1750
02458	2200
02458	2200
02458	1950
02458	1750
02458	1750
02460	2100
02460	2100
02460	2100
02460	2100
02460	2100
02460	2100
02460	1795
02460	1795
02460	1795
02460	1695
02460	1695
02460	2100
02460	2100
02460	1700
02460	2100
02460	1695
02460	1795
02460	1700
02460	1700
02460	2100
02460	2100
02460	1800
02460	2375
02460	3300
02460	1695
02460	1895
02460	1895
02460	1895
02460	1800
02465	2275
02465	2275
02465	2000
02465	2275
02465	1700
02465	2295
02465	1700
02465	1700
02465	1700
02465	1700
02465	1700
02465	2295
02465	2350
02465	2600
02465	2350
02465	2275
02465	2350
02465	2300
02465	2350
02465	2000
02465	1700
02465	2000
02465	2300
02466	2400
02466	2160
02466	2100
02466	1950
02466	2085
02466	2225
02466	1900
02466	2100
02466	3550
02466	1895
02466	3200
02466	3198
02466	1975
02466	1895
02466	1895
02466	1895
02466	1895
02466	2000
02466	2000
02466	2000
02466	3550
02466	3550
02466	1895
02466	1895
02466	1895
02466	1895
02466	1895
02466	1950
02466	2150
02466	2225
02466	2160
02466	2225
02466	2100
02466	2085
02466	2160
02466	3430
02466	3550
02466	3360
02466	3360
02466	3229
02466	3215
02466	1950
02466	1950
02466	1959
02466	1895
02466	2100
02466	1950
02466	2150
02466	2100
02466	2200
02466	2100
02466	2100
02466	1900
02466	2100
02466	2100
02466	1950
02466	2100
02466	2125
02466	1900
02466	1900
02466	1895
02466	1895
02466	1895
02466	1895
02466	1895
02466	3190
02466	3219
02466	2100
02466	1895
02466	1895
02466	1895
02466	3360
02466	1895
02466	1895
02466	1895
02466	1895
02466	1895
02466	1895
02466	1895
02466	1895
02466	1950
02466	1950
02466	1900
02466	3200
02466	1000
02466	1000
02466	2100
02466	1950
02466	1950
02466	2100
02466	1950
02466	1950
02466	1950
02466	1950
02472	3025
02472	3025
02472	1995
02472	2915
02472	3086
02472	1995
02472	1995
02472	1995
02472	2781
02472	2950
02472	3107
02472	2400
02472	2500
02472	2000
02472	1900
02472	3025
02472	1900
02472	2100
02472	2100
02472	2000
02472	2100
02472	2200
02472	2100
02472	2700
02472	1995
02472	1995
02472	2700
02472	2250
02472	2800
02472	2700
02472	1900
02472	1900
02472	2200
02472	2876
02472	2900
02472	1995
02472	1995
02472	1995
02472	1995
02472	1995
02472	1995
02472	1995
02472	1995
02472	1995
02472	1995
02472	1995
02472	1995
02472	1995
02472	1995
02472	1995
02472	1995
02472	1995
02472	1995
02472	1995
02472	1995
02472	1995
02472	1995
02472	1995
02472	1995
02472	1995
02472	1995
02472	2100
02472	2100
02472	2000
02472	2200
02472	2000
02472	2000
02472	3022
02472	3045
02472	3050
02472	2100
02472	2800
02472	3050
02472	2920
02472	2700
02472	2700
02472	1900
02472	1900
02472	1800
02472	1800
02472	1800
02472	1800
02472	2920
02472	2806
02472	1900
02472	2800
02472	1995
02472	1995
02472	1995
02472	1995
02472	1995
02472	2100
02472	1995
02472	2000
02472	1995
02472	2300
02472	3005
02472	3079
02472	1900
02472	2500
02472	2400
02472	2800
02472	1900
02472	1900
02472	1995
02472	1995
02472	1995
02472	2700
02472	1900
02472	2800
02472	1900
02472	2300
02472	3045
02472	1875
02472	2200
02472	3125
02472	2000
02472	2000
02472	2200
02472	2200
02155	2100
02155	2500
02155	2500
02155	2100
02155	1800
02155	2338
02155	2378
02155	2100
02155	1800
02155	2200
02155	1800
02155	2100
02155	2000
02155	2000
02155	2450
02155	2200
02155	2000
02155	1800
02155	1800
02155	2300
02155	2000
02155	3000
02155	1900
02155	1800
02155	2200
02155	2800
02155	3200
02155	2100
02155	3167
02155	2050
02155	2990
02155	2635
02155	2000
02155	1800
02155	2300
02155	2100
02155	1975
02155	3195
02155	3195
02155	1850
02155	2000
02155	1800
02155	1800
02155	2150
02155	1850
02155	2845
02155	1850
02155	1850
02155	2100
02155	3064
02155	2100
02155	2200
02155	1950
02155	2100
02155	2885
02155	2690
02155	2478
02155	2991
02155	1950
02155	2720
02155	2650
02155	1950
02155	1900
02155	2438
02155	1850
02155	2200
02155	1800
02155	2972
02155	2982
02155	2982
02155	2200
02155	2000
02155	1850
02155	1800
02155	2378
02155	2800
02155	2998
02155	1850
02155	1800
02155	1850
02155	1800
02155	2358
02155	2100
02155	2700
02155	1800
02155	2200
02155	3189
02155	2300
02155	3100
02155	2200
02155	2150
02155	2383
02155	2400
02155	2300
02155	2687
02155	2642
02155	2100
02155	2200
02155	2200
02155	2200
02155	3250
02155	1800
02155	1800
02155	1800
02155	2795
02155	1850
02155	2450
02155	2450
02155	2200
02155	2200
02155	2200
02155	2200
02155	3195
02155	2200
02155	2200
02155	2200
02155	2200
02155	1850
02155	2973
02155	2680
02149	1575
02149	1700
02149	1850
02149	1900
02149	1700
02149	1800
02149	1600
02149	1800
02149	3350
02149	1800
02149	2599
02149	2599
02149	1750
02149	2600
02149	3017
02149	2964
02149	2815
02149	2500
02149	2966
02149	1600
02149	2700
02149	2500
02149	2430
02149	1800
02149	2100
02149	2690
02149	1800
02149	1750
02149	1750
02149	1750
02149	1750
02149	1750
02149	1800
02149	2280
02149	2000
02149	2600
02149	1800
02149	2100
02149	1600
02149	1600
02149	1600
02149	1650
02149	2420
02149	2200
02149	3413
02149	2500
02149	1959
02149	2100
02149	2100
02149	1959
02149	1959
02149	1959
02149	1959
02149	2646
02149	1959
02149	1959
02149	1959
02149	2646
02149	2646
02149	2646
02149	2646
02149	2646
02149	2280
02149	2465
02149	2000
02149	2280
02149	3079
02149	3885
02149	1650
02149	1450
02149	2500
02149	1750
02149	1575
02149	1575
02149	1575
02149	2100
02149	2200
02149	2100
02149	2646
02149	2625
02149	1750
02149	1750
02149	1750
02149	1750
02149	1750
02149	1990
02149	1800
02149	1800
02149	2100
02149	1750
02149	1750
02149	1750
02149	1959
02149	1959
02149	1959
02149	1850
02149	1850
02149	1959
02149	1959
02149	2646
02149	2646
02149	2646
02149	1850
02149	1850
02149	1850
02149	1850
02149	1850
02149	1850
02149	1850
02149	1850
02149	1850
02149	2700
02149	1850
02149	1600
02149	1850
02149	1850
02149	1600
02149	1850
02149	1850
02149	1600
02145	1875
02145	2300
02145	1900
02145	1900
02145	1900
02145	1900
02145	1800
02145	1800
02145	3133
02145	2100
02145	3850
02145	3824
02145	2000
02145	2200
02145	1900
02145	1800
02145	2400
02145	3275
02145	3685
02145	3356
02145	2250
02145	2200
02145	2500
02145	2250
02145	2400
02145	2250
02145	1900
02145	2400
02145	2250
02145	2250
02145	2400
02145	2250
02145	2200
02145	1900
02145	2150
02145	2400
02145	2200
02145	2250
02145	2200
02145	2400
02145	2250
02145	2000
02145	2400
02145	2400
02145	2400
02145	2400
02145	2400
02145	2400
02145	2250
02145	3680
02145	2400
02145	2250
02145	1875
02145	2250
02145	2250
02145	2250
02145	1875
02145	1875
02145	2250
02145	1800
02145	1875
02145	1875
02145	2200
02145	2200
02145	2200
02145	1750
02145	2850
02145	2400
02145	1900
02145	1800
02145	3854
02145	3550
02145	2700
02145	2100
02145	1900
02145	1900
02145	1900
02145	1900
02145	2100
02145	2195
02145	1900
02145	1900
02145	1800
02145	1875
02145	2100
02145	2100
02145	2100
02145	2500
02145	2500
02145	2200
02145	2100
02145	3133
02145	1900
02145	3470
02145	3356
02145	3531
02145	3466
02145	1875
02145	3350
02145	1600
02145	2750
02145	1800
02145	2400
02145	1875
02145	4039
02145	3550
02145	3530
02145	3470
02145	1800
02145	2100
02145	2600
02145	2600
02145	2600
02145	2600
02145	2700
02145	2700
02145	2700
02145	2700
02145	2700
02145	2700
02144	2100
02144	2600
02144	2600
02144	2500
02144	2000
02144	2000
02144	2000
02144	2100
02144	2100
02144	2100
02144	2100
02144	2100
02144	2100
02144	3200
02144	2500
02144	875
02144	3200
02144	2100
02144	2000
02144	2200
02144	2000
02144	2400
02144	2000
02144	2650
02144	2100
02144	2200
02144	2200
02144	2400
02144	2100
02144	2650
02144	2100
02144	2200
02144	2200
02144	2700
02144	2400
02144	2500
02144	2600
02144	3540
02144	3100
02144	3100
02144	3100
02144	2000
02144	3100
02144	2000
02144	2100
02144	2200
02144	2200
02144	3690
02144	2100
02144	2100
02144	2100
02144	2100
02144	2400
02144	2400
02144	2100
02144	2000
02144	2300
02144	2700
02144	2300
02144	2600
02144	2200
02144	2000
02144	3775
02144	2650
02144	1995
02144	2400
02144	2600
02144	3050
02144	2400
02144	3050
02144	3200
02144	2200
02144	3930
02144	2100
02144	2000
02144	4100
02144	2495
02144	2100
02144	2600
02144	2300
02144	2450
02144	2600
02144	1995
02144	2350
02144	2200
02144	2400
02144	2650
02144	2000
02144	2300
02144	2400
02144	2600
02144	2650
02144	2300
02144	3100
02144	1995
02144	2500
02144	3200
02144	1995
02144	2700
02144	2700
02144	2100
02144	2200
02144	2600
02144	2300
02144	2100
02144	2600
02144	2400
02144	2200
02144	2100
02144	3810
02144	2000
02144	3200
02144	2000
02144	2900
02144	2200
02144	2650
02144	2100
02144	2000
02144	2495
02144	2000
02143	2600
02143	2495
02143	2500
02143	2350
02143	3200
02143	2350
02143	3200
02143	2100
02143	2400
02143	2675
02143	2100
02143	2400
02143	2650
02143	2100
02143	1900
02143	1900
02143	2200
02143	1800
02143	2500
02143	2000
02143	2550
02143	2500
02143	2650
02143	2250
02143	2200
02143	2400
02143	2100
02143	2650
02143	2400
02143	2200
02143	3200
02143	2300
02143	2500
02143	2300
02143	2650
02143	2100
02143	2650
02143	2600
02143	3090
02143	3090
02143	2500
02143	2500
02143	2250
02143	2675
02143	3400
02143	3400
02143	2200
02143	2400
02143	2200
02143	1900
02143	2800
02143	3200
02143	1900
02143	2300
02143	4995
02143	2350
02143	2800
02143	3200
02143	4995
02143	2200
02143	2825
02143	2825
02143	2500
02143	2825
02143	2875
02143	2775
02143	2400
02143	2600
02143	3400
02143	2650
02143	2650
02143	2400
02143	2650
02143	2300
02143	2600
02143	2300
02143	3400
02143	2400
02143	2550
02143	2000
02143	3400
02143	2800
02143	1900
02143	2675
02143	2495
02143	2300
02143	2550
02143	2000
02143	2200
02143	2495
02143	2300
02143	2500
02143	2500
02143	2600
02143	2500
02143	2500
02143	2500
02143	2500
02143	2500
02143	2495
02143	3200
02143	4995
02143	3200
02143	4995
02143	3200
02143	4995
02143	2800
02143	2400
02143	2100
02143	3400
02143	2400
02143	2000
02143	3400
02143	2200
02143	2650
02143	2650
02143	2100
02143	2550
02143	2500
02143	2700
02138	3690
02138	2400
02138	2250
02138	2250
02138	2600
02138	2300
02138	2400
02138	2595
02138	2250
02138	2400
02138	2250
02138	2250
02138	2300
02138	3151
02138	3100
02138	2400
02138	2250
02138	3100
02138	2300
02138	2250
02138	2300
02138	2400
02138	2575
02138	2575
02138	2260
02138	2550
02138	2700
02138	4995
02138	2800
02138	2800
02138	2150
02138	2400
02138	2700
02138	3200
02138	3200
02138	4995
02138	2100
02138	3200
02138	3200
02138	2100
02138	2595
02138	2890
02138	2250
02138	2250
02138	2250
02138	2525
02138	2500
02138	2400
02138	2700
02138	2700
02138	2800
02138	3000
02138	3000
02138	3000
02138	2700
02138	2800
02138	2800
02138	2525
02138	2400
02138	2600
02138	3615
02138	3615
02138	2940
02138	4995
02138	2940
02138	3250
02138	2800
02138	2994
02138	3334
02138	2700
02138	2100
02138	2550
02138	2600
02138	2500
02138	2350
02138	2350
02138	2350
02138	4000
02138	2575
02138	2575
02138	4995
02138	4995
02138	4995
02138	2260
02138	2260
02138	3235
02138	1450
02138	3615
02138	2500
02138	4995
02138	2500
02138	3640
02138	2500
02138	3690
02138	3690
02138	2600
02138	3225
02138	3640
02138	2495
02138	2495
02138	2495
02138	2495
02138	2495
02138	2495
02138	2495
02138	2495
02138	2150
02138	2669
02138	2260
02138	2250
02138	2548
02138	2400
02138	2700
02138	2250
02138	3400
02138	3900
02138	3090
02138	3690
02138	3200
02138	2550
02139	2800
02139	2600
02139	3100
02139	2700
02139	3100
02139	2700
02139	2200
02139	2500
02139	4769
02139	3526
02139	2200
02139	2400
02139	2400
02139	2400
02139	2400
02139	3100
02139	3200
02139	3100
02139	3350
02139	4000
02139	2400
02139	3200
02139	2900
02139	3100
02139	3100
02139	2200
02139	3100
02139	2500
02139	3200
02139	2700
02139	3500
02139	3350
02139	3350
02139	2800
02139	4321
02139	2700
02139	2500
02139	2650
02139	2300
02139	2500
02139	3300
02139	3000
02139	3500
02139	2650
02139	2700
02139	2495
02139	3200
02139	3301
02139	2400
02139	3230
02139	2400
02139	3200
02139	2400
02139	2400
02139	2400
02139	2400
02139	2200
02139	3680
02139	3568
02139	3200
02139	2400
02139	4400
02139	4400
02139	4400
02139	2650
02139	2990
02139	2675
02139	2500
02139	2500
02139	2500
02139	2500
02139	2500
02139	2200
02139	3500
02139	3200
02139	3200
02139	2300
02139	3315
02139	2650
02139	2500
02139	2500
02139	2500
02139	2650
02139	2500
02139	2650
02139	2650
02139	3200
02139	2900
02139	2300
02139	2450
02139	2600
02139	2650
02139	2650
02139	2650
02139	2650
02139	2300
02139	2300
02139	3200
02139	3500
02139	3195
02139	2450
02139	2400
02139	3200
02139	2650
02139	3000
02139	3100
02139	2750
02139	2675
02139	2500
02139	2500
02139	2500
02139	2750
02139	2750
02139	3100
02139	3300
02139	2950
02139	2500
02139	3000
02139	3000
02139	3240
02141	2650
02141	2250
02141	3350
02141	3450
02141	3450
02141	3350
02141	3350
02141	3350
02141	3350
02141	3350
02141	3350
02141	3450
02141	3350
02141	2300
02141	3350
02141	3450
02141	3450
02141	3450
02141	3450
02141	3450
02141	3450
02141	1100
02141	3740
02141	3475
02141	1100
02141	2000
02141	3915
02141	4400
02141	4325
02141	6000
02141	4000
02141	4100
02141	4000
02141	4000
02141	3800
02141	3800
02141	3800
02141	2700
02141	4000
02141	3350
02141	3400
02141	3450
02141	2500
02141	2250
02141	2250
02141	2200
02141	4000
02141	2700
02141	3475
02141	3350
02141	3475
02141	3485
02141	3485
02141	3700
02141	3700
02141	3485
02141	3485
02141	3485
02141	3500
02141	3488
02141	3488
02141	3500
02141	3340
02141	3500
02141	3700
02141	3488
02141	3400
02141	3400
02141	3500
02141	3488
02141	3488
02141	3500
02141	1900
02141	3950
02141	2200
02141	3700
02141	3100
02141	2200
02141	2600
02141	2300
02141	3700
02141	2600
02141	2600
02141	2600
02141	2700
02141	3975
02141	4220
02141	4425
02141	3600
02141	2700
02141	2700
02141	2700
02141	2700
02141	2700
02141	2185
02141	2700
02141	2185
02141	3915
02141	3700
02141	3620
02141	2450
02141	2450
02141	2450
02141	2450
02141	3815
02141	2700
02141	2700
02141	2700
02141	3200
02141	2200
02141	2300
02141	4000
02141	2700
02141	3475
02141	2700
02141	3200
02141	2600
02141	2700
02141	3350
02141	3475
